<?xml version="1.0" encoding="UTF-8" standalone="no" ?>
<SimscapeMultibodyImportXML version="2.0" xmlns="urn:mathworks:SimscapeMultibody:import" xmlns:xsi="http://www.w3.org/2001/XMLSchema-instance">
<Created by="silo-mech" on="10/19/21||14:05:29" using="Simscape Multibody Link Version 5.0" from="Pro/Engineer Creo 7.0 - 2020454"/>
<ModelUnits mass="kg" length="mm"/>
<RootAssembly name="RC_IIT_023_G_063" uid="RC_IIT_023_G_063_asm" version="45906">
<AssemblyFile name="RC_IIT_023_G_063.asm" type="ProEngineer Assembly"/>
<InstanceTree>
<Instance name="RC_IIT_010_A_004" uid="7040" entityUid="RC_IIT_010_A_004_asm">
<Transform>
<Rotation>1 0 0 0 1 0 0 0 1</Rotation>
<Translation>0 0 0</Translation>
</Transform>
<Instance name="MAGNET6MM" uid="106" entityUid="MAGNET6MM_prt">
<Transform>
<Rotation>0 -1 0 1 0 0 0 0 1</Rotation>
<Translation>-2.9516900000000006 0 0</Translation>
</Transform>
</Instance>
<Instance name="RC_IIT_010_P_008" uid="53" entityUid="RC_IIT_010_P_008_prt">
<Transform>
<Rotation>1 0 0 0 0.99999999989940069 -1.4184451860570213e-005 0 1.4184451860570213e-005 0.99999999989940069</Rotation>
<Translation>-2.1635129758834637e-006 -8.8984174122311144e-016 0</Translation>
</Transform>
</Instance>
<Instance name="RMB_UL_1015X" uid="48" entityUid="RMB_UL_1015X_prt">
<Transform>
<Rotation>0 0 -1 -1 0 0 0 1 0</Rotation>
<Translation>-6.2500021635129759 0 0</Translation>
</Transform>
</Instance>
<Instance name="RMB_UL_1015X" uid="51" entityUid="RMB_UL_1015X_prt">
<Transform>
<Rotation>0 0 -1 -1 0 0 0 1 0</Rotation>
<Translation>6.2499978364870241 0 0</Translation>
</Transform>
</Instance>
<Instance name="61802" uid="90" entityUid="61802_prt">
<Transform>
<Rotation>0 0 -1 -1 0 0 0 1 0</Rotation>
<Translation>-9.650002163512978 0 0</Translation>
</Transform>
</Instance>
<Instance name="61802" uid="94" entityUid="61802_prt">
<Transform>
<Rotation>0 0 1 1 0 0 0 1 0</Rotation>
<Translation>9.6499978364870209 0 5.4370576547977691e-016</Translation>
</Transform>
</Instance>
<Instance name="RC_IIT_010_G_017" uid="2341" entityUid="RC_IIT_010_G_017_asm" rigid="true">
<Transform>
<Rotation>0 1 0 0.034913672510065601 0 -0.99939033188832682 -0.99939033188832682 0 -0.034913672510065601</Rotation>
<Translation>-17.050002163512978 0 0</Translation>
</Transform>
<Instance name="RC_IIT_010_P_071" grounded="true" uid="59" entityUid="RC_IIT_010_P_071_prt">
<Transform>
<Rotation>1 0 0 0 1 0 0 0 1</Rotation>
<Translation>0 0 0</Translation>
</Transform>
</Instance>
<Instance name="RC_IIT_010_P_072" uid="60" entityUid="RC_IIT_010_P_072_prt">
<Transform>
<Rotation>-1 0 0 0 0 1 0 1 0</Rotation>
<Translation>0 -9.1499999999999595 0</Translation>
</Transform>
</Instance>
<Instance name="V2-3--_-_ISO7045_CZ" uid="65" entityUid="V2-3--_-_ISO7045_CZ_prt">
<Transform>
<Rotation>-1 0 0 0 1 0 0 0 -1</Rotation>
<Translation>7 -1.7763568394002505e-015 13.6</Translation>
</Transform>
</Instance>
<Instance name="V2-3--_-_ISO7045_CZ" uid="67" entityUid="V2-3--_-_ISO7045_CZ_prt">
<Transform>
<Rotation>-1 0 0 0 1 0 0 0 -1</Rotation>
<Translation>-6.9999999999999991 1.7763568394002505e-015 13.6</Translation>
</Transform>
</Instance>
</Instance>
<Instance name="RC_IIT_010_G_017" uid="2340" entityUid="RC_IIT_010_G_017_asm" rigid="true">
<Transform>
<Rotation>0 -1 0 -0.034913672510065739 0 -0.99939033188832682 0.99939033188832682 0 -0.034913672510065739</Rotation>
<Translation>17.049997836487023 0 0</Translation>
</Transform>
<Instance name="RC_IIT_010_P_071" grounded="true" uid="59" entityUid="RC_IIT_010_P_071_prt">
<Transform>
<Rotation>1 0 0 0 1 0 0 0 1</Rotation>
<Translation>0 0 0</Translation>
</Transform>
</Instance>
<Instance name="RC_IIT_010_P_072" uid="60" entityUid="RC_IIT_010_P_072_prt">
<Transform>
<Rotation>-1 0 0 0 0 1 0 1 0</Rotation>
<Translation>0 -9.1499999999999595 0</Translation>
</Transform>
</Instance>
<Instance name="V2-3--_-_ISO7045_CZ" uid="65" entityUid="V2-3--_-_ISO7045_CZ_prt">
<Transform>
<Rotation>-1 0 0 0 1 0 0 0 -1</Rotation>
<Translation>7 -1.7763568394002505e-015 13.6</Translation>
</Transform>
</Instance>
<Instance name="V2-3--_-_ISO7045_CZ" uid="67" entityUid="V2-3--_-_ISO7045_CZ_prt">
<Transform>
<Rotation>-1 0 0 0 1 0 0 0 -1</Rotation>
<Translation>-6.9999999999999991 1.7763568394002505e-015 13.6</Translation>
</Transform>
</Instance>
</Instance>
<Instance name="HFUC-8-100-2A-R_C" uid="219" entityUid="HFUC-8-100-2A-R_C_prt">
<Transform>
<Rotation>-1 0 0 0 -0.99939033188832682 -0.034913672510065601 0 -0.034913672510065601 0.99939033188832682</Rotation>
<Translation>-14.000002163512978 0 0</Translation>
</Transform>
</Instance>
<Instance name="HFUC-8-100-2A-R_C" uid="224" entityUid="HFUC-8-100-2A-R_C_prt">
<Transform>
<Rotation>1 0 0 0 -0.99939033188832682 0.034913672510065739 0 -0.034913672510065739 -0.99939033188832682</Rotation>
<Translation>13.999997836487022 0 0</Translation>
</Transform>
</Instance>
<Instance name="RC_IIT_010_G_008" uid="228" entityUid="RC_IIT_010_G_008_asm">
<Transform>
<Rotation>-1 0 0 0 -0.99999999989940069 -1.4184451860570213e-005 0 -1.4184451860570213e-005 0.99999999989940069</Rotation>
<Translation>-2.1635129771355008e-006 46.999999995271843 0.00066666923744701382</Translation>
</Transform>
<Instance name="RC_IIT_010_P_024" uid="112" entityUid="RC_IIT_010_P_024_prt">
<Transform>
<Rotation>1 0 0 0 1 0 0 0 1</Rotation>
<Translation>0 0 0</Translation>
</Transform>
</Instance>
<Instance name="RC_IIT_010_P_025" uid="34" entityUid="RC_IIT_010_P_025_prt">
<Transform>
<Rotation>0 -1.0000000000000004 0 0 0 -1.0000000000000004 1.0000000000000004 0 0</Rotation>
<Translation>10.999999999999998 79 -17.700000000000014</Translation>
</Transform>
</Instance>
<Instance name="RC_IIT_010_P_025" uid="41" entityUid="RC_IIT_010_P_025_prt">
<Transform>
<Rotation>0 -1.0000000000000004 0 0 0 -1.0000000000000004 1.0000000000000004 0 0</Rotation>
<Translation>-11.000000000000004 79 -18.149999999999988</Translation>
</Transform>
</Instance>
<Instance name="MYONIC_SHIM_PS_4_6_THK_0-15" uid="1893" entityUid="MYONIC_SHIM_PS_4_6_THK_0-15_prt">
<Transform>
<Rotation>1.0000000000000004 0 0 0 0 1.0000000000000004 0 -1.0000000000000004 0</Rotation>
<Translation>10.999999999999998 79 -17.450000000000021</Translation>
</Transform>
</Instance>
<Instance name="MYONIC_SHIM_PS_4_6_THK_0-15" uid="1894" entityUid="MYONIC_SHIM_PS_4_6_THK_0-15_prt">
<Transform>
<Rotation>1.0000000000000004 0 0 0 0 1.0000000000000004 0 -1.0000000000000004 0</Rotation>
<Translation>10.999999999999998 79 -17.600000000000001</Translation>
</Transform>
</Instance>
<Instance name="MYONIC_SHIM_PS_4_6_THK_0-15" uid="1895" entityUid="MYONIC_SHIM_PS_4_6_THK_0-15_prt">
<Transform>
<Rotation>1.0000000000000004 0 0 0 0 1.0000000000000004 0 -1.0000000000000004 0</Rotation>
<Translation>10.999999999999998 79 -17.750000000000011</Translation>
</Transform>
</Instance>
<Instance name="619-4" uid="1891" entityUid="619-4_prt">
<Transform>
<Rotation>-1.0000000000000004 0 0 0 1.0000000000000004 0 0 0 -1.0000000000000004</Rotation>
<Translation>10.999999999999998 79 -17.900000000000006</Translation>
</Transform>
</Instance>
<Instance name="RC_IIT_010_P_030" uid="168" entityUid="RC_IIT_010_P_030_prt">
<Transform>
<Rotation>1.0000000000000004 0 0 0 1.0000000000000004 0 0 0 1.0000000000000004</Rotation>
<Translation>11 79 -24.400000000000013</Translation>
</Transform>
</Instance>
<Instance name="618-4" uid="61" entityUid="618-4_prt">
<Transform>
<Rotation>-1.0000000000000004 0 0 0 1.0000000000000004 0 0 0 -1.0000000000000004</Rotation>
<Translation>11 79 -24.400000000000013</Translation>
</Transform>
</Instance>
<Instance name="619-4" uid="1892" entityUid="619-4_prt">
<Transform>
<Rotation>-1.0000000000000004 0 0 0 1.0000000000000004 0 0 0 -1.0000000000000004</Rotation>
<Translation>-11.000000000000004 79 -17.899999999999991</Translation>
</Transform>
</Instance>
<Instance name="RC_IIT_010_P_030" uid="169" entityUid="RC_IIT_010_P_030_prt">
<Transform>
<Rotation>1.0000000000000004 0 0 0 1.0000000000000004 0 0 0 1.0000000000000004</Rotation>
<Translation>-11.000000000000002 79.000000000000028 -24.399999999999999</Translation>
</Transform>
</Instance>
<Instance name="618-4" uid="51" entityUid="618-4_prt">
<Transform>
<Rotation>-1.0000000000000004 0 0 0 1.0000000000000004 0 0 0 -1.0000000000000004</Rotation>
<Translation>-11.000000000000002 79.000000000000028 -24.399999999999999</Translation>
</Transform>
</Instance>
<Instance name="MYONIC_SHIM_PS_4_6_THK_0-15" uid="1896" entityUid="MYONIC_SHIM_PS_4_6_THK_0-15_prt">
<Transform>
<Rotation>1.0000000000000004 0 0 0 0 1.0000000000000004 0 -1.0000000000000004 0</Rotation>
<Translation>-11 79.000000000000014 -26.900000000000009</Translation>
</Transform>
</Instance>
<Instance name="MYONIC_SHIM_PS_4_6_THK_0-15" uid="1897" entityUid="MYONIC_SHIM_PS_4_6_THK_0-15_prt">
<Transform>
<Rotation>1.0000000000000004 0 0 0 0 1.0000000000000004 0 -1.0000000000000004 0</Rotation>
<Translation>11.000000000000002 79 -26.900000000000023</Translation>
</Transform>
</Instance>
<Instance name="MYONIC_SHIM_PS_4_6_THK_0-15" uid="1898" entityUid="MYONIC_SHIM_PS_4_6_THK_0-15_prt">
<Transform>
<Rotation>1.0000000000000004 0 0 0 0 1.0000000000000004 0 -1.0000000000000004 0</Rotation>
<Translation>11.000000000000002 79 -27.050000000000018</Translation>
</Transform>
</Instance>
<Instance name="MYONIC_SHIM_PS_4_6_THK_0-15" uid="1899" entityUid="MYONIC_SHIM_PS_4_6_THK_0-15_prt">
<Transform>
<Rotation>1.0000000000000004 0 0 0 0 1.0000000000000004 0 -1.0000000000000004 0</Rotation>
<Translation>11.000000000000002 79 -27.200000000000014</Translation>
</Transform>
</Instance>
<Instance name="MYONIC_SHIM_PS_4_6_THK_0-15" uid="1900" entityUid="MYONIC_SHIM_PS_4_6_THK_0-15_prt">
<Transform>
<Rotation>1.0000000000000004 0 0 0 0 1.0000000000000004 0 -1.0000000000000004 0</Rotation>
<Translation>11.000000000000002 79 -27.350000000000005</Translation>
</Transform>
</Instance>
<Instance name="MYONIC_SHIM_PS_4_6_THK_0-15" uid="1901" entityUid="MYONIC_SHIM_PS_4_6_THK_0-15_prt">
<Transform>
<Rotation>1.0000000000000004 0 0 0 0 1.0000000000000004 0 -1.0000000000000004 0</Rotation>
<Translation>-11 79.000000000000014 -27.050000000000001</Translation>
</Transform>
</Instance>
<Instance name="MYONIC_SHIM_PS_4_6_THK_0-15" uid="1902" entityUid="MYONIC_SHIM_PS_4_6_THK_0-15_prt">
<Transform>
<Rotation>1.0000000000000004 0 0 0 0 1.0000000000000004 0 -1.0000000000000004 0</Rotation>
<Translation>-11 79 -27.20000000000001</Translation>
</Transform>
</Instance>
<Instance name="MYONIC_SHIM_PS_4_6_THK_0-15" uid="1903" entityUid="MYONIC_SHIM_PS_4_6_THK_0-15_prt">
<Transform>
<Rotation>1.0000000000000004 0 0 0 0 1.0000000000000004 0 -1.0000000000000004 0</Rotation>
<Translation>-11 79.000000000000014 -27.349999999999991</Translation>
</Transform>
</Instance>
<Instance name="MYONIC_SHIM_PS_4_6_THK_0-15" uid="1904" entityUid="MYONIC_SHIM_PS_4_6_THK_0-15_prt">
<Transform>
<Rotation>1.0000000000000004 0 0 0 0 1.0000000000000004 0 -1.0000000000000004 0</Rotation>
<Translation>-11 79 -27.499999999999996</Translation>
</Transform>
</Instance>
<Instance name="MYONIC_SHIM_PS_4_6_THK_0-15" uid="1905" entityUid="MYONIC_SHIM_PS_4_6_THK_0-15_prt">
<Transform>
<Rotation>1.0000000000000004 0 0 0 0 1.0000000000000004 0 -1.0000000000000004 0</Rotation>
<Translation>-11 79 -27.649999999999999</Translation>
</Transform>
</Instance>
<Instance name="MYONIC_SHIM_PS_4_6_THK_0-15" uid="1906" entityUid="MYONIC_SHIM_PS_4_6_THK_0-15_prt">
<Transform>
<Rotation>1.0000000000000004 0 0 0 0 1.0000000000000004 0 -1.0000000000000004 0</Rotation>
<Translation>-11 79 -27.799999999999994</Translation>
</Transform>
</Instance>
<Instance name="RC_IIT_010_P_026" uid="133" entityUid="RC_IIT_010_P_026_prt">
<Transform>
<Rotation>0 0 -1 0 1 0 1 0 0</Rotation>
<Translation>0 56.5 -21.100000000000001</Translation>
</Transform>
</Instance>
<Instance name="V2_5-4--_-_ISO7045_CZ" uid="165" entityUid="V2_5-4--_-_ISO7045_CZ_prt">
<Transform>
<Rotation>1 0 0 0 1 0 0 0 1</Rotation>
<Translation>2.5249999999999999 77.900000000000006 -24.950000000000003</Translation>
</Transform>
</Instance>
<Instance name="V2_5-4--_-_ISO7045_CZ" uid="166" entityUid="V2_5-4--_-_ISO7045_CZ_prt">
<Transform>
<Rotation>1 0 0 0 1 0 0 0 1</Rotation>
<Translation>-2.5249999999999999 77.900000000000006 -24.950000000000003</Translation>
</Transform>
</Instance>
<Instance name="A4--_-_U7435" uid="1378" entityUid="A4--_-_U7435_prt">
<Transform>
<Rotation>-1.0000000000000004 0 0 0 1.0000000000000004 0 0 0 -1.0000000000000004</Rotation>
<Translation>11.000000000000002 79 -27.550000000000022</Translation>
</Transform>
</Instance>
<Instance name="A4--_-_U7435" uid="1430" entityUid="A4--_-_U7435_prt">
<Transform>
<Rotation>-1.0000000000000004 0 0 0 1.0000000000000004 0 0 0 -1.0000000000000004</Rotation>
<Translation>-11 79 -28.000000000000011</Translation>
</Transform>
</Instance>
</Instance>
<Instance name="S1_5-6--_-_I2338_B" uid="326" entityUid="S1_5-6--_-_I2338_B_prt">
<Transform>
<Rotation>1 0 0 0 0 -1 0 1 0</Rotation>
<Translation>-1.8000021635129744 -8.8999999999999986 -3.2501262419485197</Translation>
</Transform>
</Instance>
<Instance name="R3--_-_U6592" uid="2017" entityUid="R3--_-_U6592_prt">
<Transform>
<Rotation>0 0 -1 -1 0 0 0 1 0</Rotation>
<Translation>17.199997836487022 0 0</Translation>
</Transform>
</Instance>
<Instance name="R3--_-_U6592" uid="2018" entityUid="R3--_-_U6592_prt">
<Transform>
<Rotation>0 0 1 1 0 0 0 1 0</Rotation>
<Translation>-17.200002163512977 0 0</Translation>
</Transform>
</Instance>
<Instance name="V3-4--_-_U5931_GC" uid="2019" entityUid="V3-4--_-_U5931_GC_prt">
<Transform>
<Rotation>0 0 1 1 0 0 0 1 0</Rotation>
<Translation>-17.200002163512977 0 -5.443069278963271e-016</Translation>
</Transform>
</Instance>
<Instance name="V3-4--_-_U5931_GC" uid="2020" entityUid="V3-4--_-_U5931_GC_prt">
<Transform>
<Rotation>0 0 -1 -1 0 0 0 1 0</Rotation>
<Translation>17.199997836487022 0 0</Translation>
</Transform>
</Instance>
<Instance name="V3-12--_-_U5931_GC" uid="2025" entityUid="V3-12--_-_U5931_GC_prt">
<Transform>
<Rotation>0 1 0 -0.99999999989940069 0 -1.4184451860570213e-005 -1.4184451860570213e-005 0 0.99999999989940069</Rotation>
<Translation>-7.3500021635129755 10.550204255045479 -14.39985035258424</Translation>
</Transform>
</Instance>
<Instance name="V3-12--_-_U5931_GC" uid="2026" entityUid="V3-12--_-_U5931_GC_prt">
<Transform>
<Rotation>0 1 0 -0.99999999989940069 0 -1.4184451860570213e-005 -1.4184451860570213e-005 0 0.99999999989940069</Rotation>
<Translation>7.3499978364870238 10.550204255045479 -14.39985035258424</Translation>
</Transform>
</Instance>
</Instance>
<Instance name="RC_IIT_010_G_004" uid="7066" entityUid="RC_IIT_010_G_004_asm" rigid="true">
<Transform>
<Rotation>-1 0 0 0 -1 0 0 0 1</Rotation>
<Translation>-1.349587401608442e-015 47 0</Translation>
</Transform>
<Instance name="RC_IIT_010_P_013" grounded="true" uid="31" entityUid="RC_IIT_010_P_013_prt">
<Transform>
<Rotation>1 0 0 0 1 0 0 0 1</Rotation>
<Translation>0 0 0</Translation>
</Transform>
</Instance>
<Instance name="HFUC-8-100-2A-R_A" uid="51" entityUid="HFUC-8-100-2A-R_A_prt">
<Transform>
<Rotation>-1 5.7245874707234634e-016 -1.3808398868775384e-015 0 -0.38268343236509245 -0.92387953251128563 0 -0.92387953251128563 0.38268343236509245</Rotation>
<Translation>43.5 47 0</Translation>
</Transform>
</Instance>
<Instance name="KAA10XL0" uid="88" entityUid="KAA10XL0_prt">
<Transform>
<Rotation>1 0 0 0 1 0 0 0 1</Rotation>
<Translation>23.731250000000003 47 0</Translation>
</Transform>
</Instance>
<Instance name="2342S012CR_IE2_512_LC" uid="36" entityUid="2342S012CR_IE2_512_LC_prt">
<Transform>
<Rotation>1 0 0 0 1 0 0 0 1</Rotation>
<Translation>7.0999999999999996 31.5 -30.799999999999997</Translation>
</Transform>
</Instance>
<Instance name="RC_IIT_010_G_019" uid="92" entityUid="RC_IIT_010_G_019_asm" rigid="true">
<Transform>
<Rotation>0 -1 0 -1 0 0 0 0 -1</Rotation>
<Translation>38.049999999999997 31.5 -30.799999999999997</Translation>
</Transform>
<Instance name="RC_IIT_010_P_014" grounded="true" uid="84" entityUid="RC_IIT_010_P_014_prt">
<Transform>
<Rotation>1 0 0 0 1 0 0 0 1</Rotation>
<Translation>0 0 0</Translation>
</Transform>
</Instance>
<Instance name="B75" uid="89" entityUid="B75_prt">
<Transform>
<Rotation>0 -1 0 1 0 0 0 0 1</Rotation>
<Translation>9.0709764621015081e-016 2.4500000000000073 0</Translation>
</Transform>
</Instance>
<Instance name="A9--_-_U7435" uid="91" entityUid="A9--_-_U7435_prt">
<Transform>
<Rotation>1 0 0 0 0 -1 0 1 0</Rotation>
<Translation>1.2377522819799352e-015 4.25 0</Translation>
</Transform>
</Instance>
</Instance>
<Instance name="V2-6--_-_ISO7046-1_CH" uid="63" entityUid="V2-6--_-_ISO7046-1_CH_prt">
<Transform>
<Rotation>0 0 -1 -1 0 0 0 1 0</Rotation>
<Translation>32.5 27.25 -38.161215932167721</Translation>
</Transform>
</Instance>
<Instance name="V2-6--_-_ISO7046-1_CH" uid="64" entityUid="V2-6--_-_ISO7046-1_CH_prt">
<Transform>
<Rotation>0 0 -1 -1 0 0 0 1 0</Rotation>
<Translation>32.499999999999993 27.25 -23.438784067832273</Translation>
</Transform>
</Instance>
<Instance name="V2-6--_-_ISO7046-1_CH" uid="65" entityUid="V2-6--_-_ISO7046-1_CH_prt">
<Transform>
<Rotation>0 0 -1 -1 0 0 0 1 0</Rotation>
<Translation>32.5 39.999999999999993 -30.799999999999997</Translation>
</Transform>
</Instance>
<Instance name="V2-6--_-_ISO7046-1_CH" uid="66" entityUid="V2-6--_-_ISO7046-1_CH_prt">
<Transform>
<Rotation>0 0 -1 -1 0 0 0 1 0</Rotation>
<Translation>32.5 56.015611460128461 -9.0156114601285005</Translation>
</Transform>
</Instance>
<Instance name="V2-6--_-_ISO7046-1_CH" uid="67" entityUid="V2-6--_-_ISO7046-1_CH_prt">
<Transform>
<Rotation>0 0 -1 -1 0 0 0 1 0</Rotation>
<Translation>32.5 37.984388539871546 9.015611460128504</Translation>
</Transform>
</Instance>
<Instance name="S2_5-6--_-_I2338_B" uid="85" entityUid="S2_5-6--_-_I2338_B_prt">
<Transform>
<Rotation>0 0 1 1 0 0 0 1 0</Rotation>
<Translation>28.5 23.3571001100293 -14.494996150285093</Translation>
</Transform>
</Instance>
<Instance name="S2-6--_-_I2338_B" uid="89" entityUid="S2-6--_-_I2338_B_prt">
<Transform>
<Rotation>0 0 -1 -1 0 0 0 1 0</Rotation>
<Translation>33.5 59.024374027051699 11.660914597816269</Translation>
</Transform>
</Instance>
<Instance name="S2-6--_-_I2338_B" uid="90" entityUid="S2-6--_-_I2338_B_prt">
<Transform>
<Rotation>0 0 -1 -1 0 0 0 1 0</Rotation>
<Translation>33.5 34.975625972948293 -11.66091459781626</Translation>
</Transform>
</Instance>
<Instance name="G2-5-4--_-_U5923_G" uid="93" entityUid="G2-5-4--_-_U5923_G_prt">
<Transform>
<Rotation>-1 0 0 0 0 1 0 1 0</Rotation>
<Translation>38.75 30.5 -30.799999999999997</Translation>
</Transform>
</Instance>
</Instance>
<Instance name="RC_IIT_010_G_005" uid="7068" entityUid="RC_IIT_010_G_005_asm" rigid="true">
<Transform>
<Rotation>-1 0 0 0 -1 0 0 0 1</Rotation>
<Translation>3.5527136788005009e-015 46.999999999999993 0</Translation>
</Transform>
<Instance name="RC_IIT_010_P_015" grounded="true" uid="31" entityUid="RC_IIT_010_P_015_prt">
<Transform>
<Rotation>1 0 0 0 1 0 0 0 1</Rotation>
<Translation>0 0 0</Translation>
</Transform>
</Instance>
<Instance name="S2_5-6--_-_I2338_B" uid="90" entityUid="S2_5-6--_-_I2338_B_prt">
<Transform>
<Rotation>0 0 -1 -1 0 0 0 1 0</Rotation>
<Translation>-28.5 28.024999999999999 -15.855</Translation>
</Transform>
</Instance>
<Instance name="HFUC-8-100-2A-R_A" uid="50" entityUid="HFUC-8-100-2A-R_A_prt">
<Transform>
<Rotation>1 6.8244021544927591e-015 -1.6465995233971853e-014 0 -0.70710678118654657 -0.7071067811865499 0 0.7071067811865499 -0.70710678118654657</Rotation>
<Translation>-43.499999999999773 46.999999999999993 0</Translation>
</Transform>
</Instance>
<Instance name="KAA10XL0" uid="93" entityUid="KAA10XL0_prt">
<Transform>
<Rotation>-1 0 0 0 -1 0 0 0 1</Rotation>
<Translation>-23.731250000000003 46.999999999999993 0</Translation>
</Transform>
</Instance>
<Instance name="2342S012CR_IE2_512_LC" uid="36" entityUid="2342S012CR_IE2_512_LC_prt">
<Transform>
<Rotation>-1 -1.3322676295501878e-015 2.6645352591003757e-015 0 0 -1.0000000000000209 0 -1.0000000000000209 0</Rotation>
<Translation>-7.0999999999999996 12.699999999999999 -4</Translation>
</Transform>
</Instance>
<Instance name="RC_IIT_010_G_019" uid="96" entityUid="RC_IIT_010_G_019_asm" rigid="true">
<Transform>
<Rotation>1.33226762955016e-015 1 -2.6645352591003201e-015 0 2.6645352591003205e-015 1 1 -1.5159646494222626e-015 0</Rotation>
<Translation>-38.050000000000011 12.699999999999822 -3.9999999999999116</Translation>
</Transform>
<Instance name="RC_IIT_010_P_014" grounded="true" uid="84" entityUid="RC_IIT_010_P_014_prt">
<Transform>
<Rotation>1 0 0 0 1 0 0 0 1</Rotation>
<Translation>0 0 0</Translation>
</Transform>
</Instance>
<Instance name="B75" uid="89" entityUid="B75_prt">
<Transform>
<Rotation>0 -1 0 1 0 0 0 0 1</Rotation>
<Translation>9.0709764621015081e-016 2.4500000000000073 0</Translation>
</Transform>
</Instance>
<Instance name="A9--_-_U7435" uid="91" entityUid="A9--_-_U7435_prt">
<Transform>
<Rotation>1 0 0 0 0 -1 0 1 0</Rotation>
<Translation>1.2377522819799352e-015 4.25 0</Translation>
</Transform>
</Instance>
</Instance>
<Instance name="G2-5-3--_-_U5923_G" uid="88" entityUid="G2-5-3--_-_U5923_G_prt">
<Transform>
<Rotation>-1 0 -1.33226762955016e-015 0 1 0 1.33226762955016e-015 0 -1</Rotation>
<Translation>-38.75 12.69999999999982 -2.9999999999999813</Translation>
</Transform>
</Instance>
<Instance name="V2-6--_-_ISO7046-1_CH" uid="67" entityUid="V2-6--_-_ISO7046-1_CH_prt">
<Transform>
<Rotation>0 0 1 1 0 0 0 1 0</Rotation>
<Translation>-32.5 20.06121593216788 0.25000000000008638</Translation>
</Transform>
</Instance>
<Instance name="V2-6--_-_ISO7046-1_CH" uid="68" entityUid="V2-6--_-_ISO7046-1_CH_prt">
<Transform>
<Rotation>0 0 1 1 0 0 0 1 0</Rotation>
<Translation>-32.5 5.3387840678321163 0.25000000000008821</Translation>
</Transform>
</Instance>
<Instance name="V2-6--_-_ISO7046-1_CH" uid="69" entityUid="V2-6--_-_ISO7046-1_CH_prt">
<Transform>
<Rotation>0 0 1 1 0 0 0 1 0</Rotation>
<Translation>-32.5 12.699999999999999 -12.500000000000174</Translation>
</Transform>
</Instance>
<Instance name="V2-6--_-_ISO7046-1_CH" uid="70" entityUid="V2-6--_-_ISO7046-1_CH_prt">
<Transform>
<Rotation>0 0 1 1 0 0 0 1 0</Rotation>
<Translation>-32.29999999999999 42.120786237345058 -11.779464039518903</Translation>
</Transform>
</Instance>
<Instance name="V2-6--_-_ISO7046-1_CH" uid="71" entityUid="V2-6--_-_ISO7046-1_CH_prt">
<Transform>
<Rotation>0 0 1 1 0 0 0 1 0</Rotation>
<Translation>-32.300000000000011 51.879213762654949 11.779464039518905</Translation>
</Transform>
</Instance>
<Instance name="S2-6--_-_I2338_B" uid="94" entityUid="S2-6--_-_I2338_B_prt">
<Transform>
<Rotation>0 0 1 1 0 0 0 1 0</Rotation>
<Translation>-33.5 62.077901269423329 7.2951623223560214</Translation>
</Transform>
</Instance>
<Instance name="S2-6--_-_I2338_B" uid="95" entityUid="S2-6--_-_I2338_B_prt">
<Transform>
<Rotation>0 0 1 1 0 0 0 1 0</Rotation>
<Translation>-33.5 31.922098730576661 -7.2951623223560125</Translation>
</Transform>
</Instance>
</Instance>
<Instance name="V3-8--_-_ISO7046-1_CH" uid="36855" entityUid="V3-8--_-_ISO7046-1_CH_prt">
<Transform>
<Rotation>0 0 -1 -1 0 0 0 1 0</Rotation>
<Translation>32.399999999999999 21.469999999999988 0.74999999999999734</Translation>
</Transform>
</Instance>
<Instance name="RC_IIT_010_G_006" uid="19638" entityUid="RC_IIT_010_G_006_asm" rigid="true">
<Transform>
<Rotation>-1 0 0 0 -0.59594460248251524 -0.8030255480194618 0 -0.8030255480194618 0.59594460248251524</Rotation>
<Translation>-3.434780415028067e-015 28.009396316678227 37.742200756914698</Translation>
</Transform>
<Instance name="HFUC-8-100-2A-R_B" uid="31" entityUid="HFUC-8-100-2A-R_B_prt">
<Transform>
<Rotation>1 0 0 0 1 0 0 0 1</Rotation>
<Translation>14 47 0</Translation>
</Transform>
</Instance>
<Instance name="RC_IIT_010_P_016" uid="37" entityUid="RC_IIT_010_P_016_prt">
<Transform>
<Rotation>0 -1 0 1 0 0 0 0 1</Rotation>
<Translation>33.599999999999994 47 0</Translation>
</Transform>
</Instance>
<Instance name="618-3" uid="1013" entityUid="618-3_prt">
<Transform>
<Rotation>0 0 1 1 0 0 0 1 0</Rotation>
<Translation>34.099999999999994 47 0</Translation>
</Transform>
</Instance>
<Instance name="RC_IIT_010_P_017" uid="45" entityUid="RC_IIT_010_P_017_prt">
<Transform>
<Rotation>1 0 0 0 0.59589274411272086 -0.80306403076828903 0 0.80306403076828903 0.59589274411272086</Rotation>
<Translation>32.499999999999993 47 0</Translation>
</Transform>
</Instance>
<Instance name="RC_IIT_010_G_009" uid="49" entityUid="RC_IIT_010_G_009_asm" rigid="true">
<Transform>
<Rotation>0 -1 0 -0.59594460248251779 0 0.80302554801945969 -0.80302554801945969 0 -0.59594460248251779</Rotation>
<Translation>37.949999999999996 47 0</Translation>
</Transform>
<Instance name="RC_IIT_010_P_027" uid="31" entityUid="RC_IIT_010_P_027_prt">
<Transform>
<Rotation>1 0 0 0 1 0 0 0 1</Rotation>
<Translation>0 0 0</Translation>
</Transform>
</Instance>
<Instance name="RC_IIT_010_P_028" uid="69" entityUid="RC_IIT_010_P_028_prt">
<Transform>
<Rotation>0 -1 0 0 0 1 -1 0 0</Rotation>
<Translation>0 -2.9499999999999997 0</Translation>
</Transform>
</Instance>
<Instance name="G2-5-4--_-_U5923_G" uid="83" entityUid="G2-5-4--_-_U5923_G_prt">
<Transform>
<Rotation>0 0 -1 -1 0 0 0 1 0</Rotation>
<Translation>3 -0.69999999999999996 0</Translation>
</Transform>
</Instance>
<Instance name="V1_6-5--_-_I2009_C" uid="86" entityUid="V1_6-5--_-_I2009_C_prt">
<Transform>
<Rotation>-1 0 0 0 0 1 0 1 0</Rotation>
<Translation>6.344154509256553 -3.1999999999999931 2.9583278321848994</Translation>
</Transform>
</Instance>
<Instance name="V1_6-5--_-_I2009_C" uid="88" entityUid="V1_6-5--_-_I2009_C_prt">
<Transform>
<Rotation>-1 0 0 0 0 1 0 1 0</Rotation>
<Translation>-5.7340643100229478 -3.1999999999999997 4.0150350544573161</Translation>
</Transform>
</Instance>
<Instance name="V1_6-5--_-_I2009_C" uid="90" entityUid="V1_6-5--_-_I2009_C_prt">
<Transform>
<Rotation>-1 0 0 0 0 1 0 1 0</Rotation>
<Translation>-0.61009019923360686 -3.1999999999999997 -6.9733628866422208</Translation>
</Transform>
</Instance>
</Instance>
<Instance name="RC_IIT_010_R_010" uid="1221" entityUid="RC_IIT_010_R_010_asm" rigid="true">
<Transform>
<Rotation>0 -1 0 0.80635679059064236 0 0.59142939246232873 -0.59142939246232873 0 0.80635679059064236</Rotation>
<Translation>-8.9703740562566475e-015 19.2636853373889 -37.815783184262031</Translation>
</Transform>
<Instance name="RC_IIT_010_P_110" grounded="true" uid="59" entityUid="RC_IIT_010_P_110_prt">
<Transform>
<Rotation>1 0 0 0 1 0 0 0 1</Rotation>
<Translation>0 0 0</Translation>
</Transform>
</Instance>
<Instance name="456_MXL_025" uid="60" entityUid="456_MXL_025_prt">
<Transform>
<Rotation>0 0.53533345069848137 -0.84464080919835782 -1 0 0 0 0.84464080919835782 0.53533345069848137</Rotation>
<Translation>7.568441525671453 0 51.867671647866061</Translation>
</Transform>
</Instance>
</Instance>
<Instance name="618-3" uid="1014" entityUid="618-3_prt">
<Transform>
<Rotation>0 0 1 1 0 0 0 1 0</Rotation>
<Translation>41.099999999999994 47 0</Translation>
</Transform>
</Instance>
<Instance name="RC_IIT_010_P_018" uid="59" entityUid="RC_IIT_010_P_018_prt">
<Transform>
<Rotation>0 0 -1 0.59588853927111995 0.80306715084439284 0 0.80306715084439284 -0.59588853927111995 0</Rotation>
<Translation>35.199999999999996 47 6.8344739825301148e-016</Translation>
</Transform>
</Instance>
<Instance name="S1_5-4--_-_I2338_B" uid="1011" entityUid="S1_5-4--_-_I2338_B_prt">
<Transform>
<Rotation>0 0 1 1 0 0 0 1 0</Rotation>
<Translation>32.499999999999993 55.038247031638086 -13.083064803720934</Translation>
</Transform>
</Instance>
<Instance name="S1_5-4--_-_I2338_B" uid="1012" entityUid="S1_5-4--_-_I2338_B_prt">
<Transform>
<Rotation>0 0 1 1 0 0 0 1 0</Rotation>
<Translation>32.499999999999993 38.961752968361914 13.083064803720934</Translation>
</Transform>
</Instance>
<Instance name="V2_5-4--_-_ISO7045_CZ" uid="63" entityUid="V2_5-4--_-_ISO7045_CZ_prt">
<Transform>
<Rotation>0 0 -1 -1 0 0 0 1 0</Rotation>
<Translation>38.799999999999997 53.122475524989959 -15.950087568596569</Translation>
</Transform>
</Instance>
<Instance name="V2_5-4--_-_ISO7045_CZ" uid="64" entityUid="V2_5-4--_-_ISO7045_CZ_prt">
<Transform>
<Rotation>0 0 -1 -1 0 0 0 1 0</Rotation>
<Translation>38.799999999999997 40.877524475010041 15.950087568596569</Translation>
</Transform>
</Instance>
<Instance name="R1-6--_-_U6592" uid="924" entityUid="R1-6--_-_U6592_prt">
<Transform>
<Rotation>0 0 -1 -1 0 0 0 1 0</Rotation>
<Translation>43.399999999999991 47 0</Translation>
</Transform>
</Instance>
<Instance name="V1_6-3--_-_I1207_C" uid="921" entityUid="V1_6-3--_-_I1207_C_prt">
<Transform>
<Rotation>0 0 -1 -1 0 0 0 1 0</Rotation>
<Translation>43.399999999999991 47 0</Translation>
</Transform>
</Instance>
</Instance>
<Instance name="V2_5-6--_-_ISO7046-1_CH" uid="36876" entityUid="V2_5-6--_-_ISO7046-1_CH_prt">
<Transform>
<Rotation>0 0 1 1 0 0 0 1 0</Rotation>
<Translation>-35.25 2.1981515356671726 -16.60513865724235</Translation>
</Transform>
</Instance>
<Instance name="V2_5-6--_-_ISO7046-1_CH" uid="36877" entityUid="V2_5-6--_-_ISO7046-1_CH_prt">
<Transform>
<Rotation>0 0 1 1 0 0 0 1 0</Rotation>
<Translation>-35.25 -2.1981515356671291 16.60513865724235</Translation>
</Transform>
</Instance>
<Instance name="RC_IIT_010_G_006" uid="20225" entityUid="RC_IIT_010_G_006_asm" rigid="true">
<Transform>
<Rotation>1 0 0 0 0.54992223842546295 -0.83521585933525488 0 0.83521585933525488 0.54992223842546295</Rotation>
<Translation>-3.1652643926181466e-015 -25.846345205996759 -39.255145388756986</Translation>
</Transform>
<Instance name="HFUC-8-100-2A-R_B" uid="31" entityUid="HFUC-8-100-2A-R_B_prt">
<Transform>
<Rotation>1 0 0 0 1 0 0 0 1</Rotation>
<Translation>14 47 0</Translation>
</Transform>
</Instance>
<Instance name="RC_IIT_010_P_016" uid="37" entityUid="RC_IIT_010_P_016_prt">
<Transform>
<Rotation>0 -1 0 1 0 0 0 0 1</Rotation>
<Translation>33.599999999999994 47 0</Translation>
</Transform>
</Instance>
<Instance name="618-3" uid="1013" entityUid="618-3_prt">
<Transform>
<Rotation>0 0 1 1 0 0 0 1 0</Rotation>
<Translation>34.099999999999994 47 0</Translation>
</Transform>
</Instance>
<Instance name="RC_IIT_010_P_017" uid="45" entityUid="RC_IIT_010_P_017_prt">
<Transform>
<Rotation>1 0 0 0 0.59589274411272086 -0.80306403076828903 0 0.80306403076828903 0.59589274411272086</Rotation>
<Translation>32.499999999999993 47 0</Translation>
</Transform>
</Instance>
<Instance name="RC_IIT_010_G_009" uid="49" entityUid="RC_IIT_010_G_009_asm" rigid="true">
<Transform>
<Rotation>0 -1 0 -0.59594460248251779 0 0.80302554801945969 -0.80302554801945969 0 -0.59594460248251779</Rotation>
<Translation>37.949999999999996 47 0</Translation>
</Transform>
<Instance name="RC_IIT_010_P_027" uid="31" entityUid="RC_IIT_010_P_027_prt">
<Transform>
<Rotation>1 0 0 0 1 0 0 0 1</Rotation>
<Translation>0 0 0</Translation>
</Transform>
</Instance>
<Instance name="RC_IIT_010_P_028" uid="69" entityUid="RC_IIT_010_P_028_prt">
<Transform>
<Rotation>0 -1 0 0 0 1 -1 0 0</Rotation>
<Translation>0 -2.9499999999999997 0</Translation>
</Transform>
</Instance>
<Instance name="G2-5-4--_-_U5923_G" uid="83" entityUid="G2-5-4--_-_U5923_G_prt">
<Transform>
<Rotation>0 0 -1 -1 0 0 0 1 0</Rotation>
<Translation>3 -0.69999999999999996 0</Translation>
</Transform>
</Instance>
<Instance name="V1_6-5--_-_I2009_C" uid="86" entityUid="V1_6-5--_-_I2009_C_prt">
<Transform>
<Rotation>-1 0 0 0 0 1 0 1 0</Rotation>
<Translation>6.344154509256553 -3.1999999999999931 2.9583278321848994</Translation>
</Transform>
</Instance>
<Instance name="V1_6-5--_-_I2009_C" uid="88" entityUid="V1_6-5--_-_I2009_C_prt">
<Transform>
<Rotation>-1 0 0 0 0 1 0 1 0</Rotation>
<Translation>-5.7340643100229478 -3.1999999999999997 4.0150350544573161</Translation>
</Transform>
</Instance>
<Instance name="V1_6-5--_-_I2009_C" uid="90" entityUid="V1_6-5--_-_I2009_C_prt">
<Transform>
<Rotation>-1 0 0 0 0 1 0 1 0</Rotation>
<Translation>-0.61009019923360686 -3.1999999999999997 -6.9733628866422208</Translation>
</Transform>
</Instance>
</Instance>
<Instance name="RC_IIT_010_R_010" uid="1221" entityUid="RC_IIT_010_R_010_asm" rigid="true">
<Transform>
<Rotation>0 -1 0 0.80635679059064236 0 0.59142939246232873 -0.59142939246232873 0 0.80635679059064236</Rotation>
<Translation>-8.9703740562566475e-015 19.2636853373889 -37.815783184262031</Translation>
</Transform>
<Instance name="RC_IIT_010_P_110" grounded="true" uid="59" entityUid="RC_IIT_010_P_110_prt">
<Transform>
<Rotation>1 0 0 0 1 0 0 0 1</Rotation>
<Translation>0 0 0</Translation>
</Transform>
</Instance>
<Instance name="456_MXL_025" uid="60" entityUid="456_MXL_025_prt">
<Transform>
<Rotation>0 0.53533345069848137 -0.84464080919835782 -1 0 0 0 0.84464080919835782 0.53533345069848137</Rotation>
<Translation>7.568441525671453 0 51.867671647866061</Translation>
</Transform>
</Instance>
</Instance>
<Instance name="618-3" uid="1014" entityUid="618-3_prt">
<Transform>
<Rotation>0 0 1 1 0 0 0 1 0</Rotation>
<Translation>41.099999999999994 47 0</Translation>
</Transform>
</Instance>
<Instance name="RC_IIT_010_P_018" uid="59" entityUid="RC_IIT_010_P_018_prt">
<Transform>
<Rotation>0 0 -1 0.59588853927111995 0.80306715084439284 0 0.80306715084439284 -0.59588853927111995 0</Rotation>
<Translation>35.199999999999996 47 6.8344739825301148e-016</Translation>
</Transform>
</Instance>
<Instance name="S1_5-4--_-_I2338_B" uid="1011" entityUid="S1_5-4--_-_I2338_B_prt">
<Transform>
<Rotation>0 0 1 1 0 0 0 1 0</Rotation>
<Translation>32.499999999999993 55.038247031638086 -13.083064803720934</Translation>
</Transform>
</Instance>
<Instance name="S1_5-4--_-_I2338_B" uid="1012" entityUid="S1_5-4--_-_I2338_B_prt">
<Transform>
<Rotation>0 0 1 1 0 0 0 1 0</Rotation>
<Translation>32.499999999999993 38.961752968361914 13.083064803720934</Translation>
</Transform>
</Instance>
<Instance name="V2_5-4--_-_ISO7045_CZ" uid="63" entityUid="V2_5-4--_-_ISO7045_CZ_prt">
<Transform>
<Rotation>0 0 -1 -1 0 0 0 1 0</Rotation>
<Translation>38.799999999999997 53.122475524989959 -15.950087568596569</Translation>
</Transform>
</Instance>
<Instance name="V2_5-4--_-_ISO7045_CZ" uid="64" entityUid="V2_5-4--_-_ISO7045_CZ_prt">
<Transform>
<Rotation>0 0 -1 -1 0 0 0 1 0</Rotation>
<Translation>38.799999999999997 40.877524475010041 15.950087568596569</Translation>
</Transform>
</Instance>
<Instance name="R1-6--_-_U6592" uid="924" entityUid="R1-6--_-_U6592_prt">
<Transform>
<Rotation>0 0 -1 -1 0 0 0 1 0</Rotation>
<Translation>43.399999999999991 47 0</Translation>
</Transform>
</Instance>
<Instance name="V1_6-3--_-_I1207_C" uid="921" entityUid="V1_6-3--_-_I1207_C_prt">
<Transform>
<Rotation>0 0 -1 -1 0 0 0 1 0</Rotation>
<Translation>43.399999999999991 47 0</Translation>
</Transform>
</Instance>
</Instance>
<Instance name="V2_5-6--_-_ISO7046-1_CH" uid="36878" entityUid="V2_5-6--_-_ISO7046-1_CH_prt">
<Transform>
<Rotation>0 0 -1 -1 0 0 0 1 0</Rotation>
<Translation>35.249999999999993 -16.351851487071404 -3.6303516282532202</Translation>
</Transform>
</Instance>
<Instance name="V2_5-6--_-_ISO7046-1_CH" uid="36879" entityUid="V2_5-6--_-_ISO7046-1_CH_prt">
<Transform>
<Rotation>0 0 -1 -1 0 0 0 1 0</Rotation>
<Translation>35.249999999999993 16.351851487071404 3.6303516282532211</Translation>
</Transform>
</Instance>
<Instance name="RC_IIT_010_G_007" uid="10879" entityUid="RC_IIT_010_G_007_asm" rigid="true">
<Transform>
<Rotation>0 1.3862257664842002e-015 1 0.89329295376223383 -0.44947491449328242 5.2535028540653552e-016 0.44947491449328242 0.89329295376223383 -1.2874768428747671e-015</Rotation>
<Translation>-35.900000000000006 17.045371941778555 -17.304118491631016</Translation>
</Transform>
<Instance name="RMB_UL_256X" uid="31" entityUid="RMB_UL_256X_prt">
<Transform>
<Rotation>1 0 0 0 1 0 0 0 1</Rotation>
<Translation>0 0 0</Translation>
</Transform>
</Instance>
<Instance name="MYONIC_SHIM_PS_3_4-5_THK_0-1" uid="586" entityUid="MYONIC_SHIM_PS_3_4-5_THK_0-1_prt">
<Transform>
<Rotation>1 0 0 0 0 1 0 -1 0</Rotation>
<Translation>0 0 -0.89999999999999991</Translation>
</Transform>
</Instance>
<Instance name="RMB_UL_256X" uid="32" entityUid="RMB_UL_256X_prt">
<Transform>
<Rotation>-1 0 0 0 1 0 0 0 -1</Rotation>
<Translation>0 0 -1.8999999999999999</Translation>
</Transform>
</Instance>
<Instance name="MYONIC_SHIM_PS_3_4-5_THK_0-1" uid="587" entityUid="MYONIC_SHIM_PS_3_4-5_THK_0-1_prt">
<Transform>
<Rotation>1 0 0 0 0 1 0 -1 0</Rotation>
<Translation>0 0 -2.7999999999999998</Translation>
</Transform>
</Instance>
<Instance name="RMB_UL_256X" uid="33" entityUid="RMB_UL_256X_prt">
<Transform>
<Rotation>-1 0 0 0 1 0 0 0 -1</Rotation>
<Translation>0 -6.9802562167875519e-016 -3.7999999999999998</Translation>
</Transform>
</Instance>
<Instance name="MYONIC_SHIM_PS_3_4-5_THK_0-1" uid="588" entityUid="MYONIC_SHIM_PS_3_4-5_THK_0-1_prt">
<Transform>
<Rotation>-1 0 0 0 0 1 0 1 0</Rotation>
<Translation>0 0 0.89999999999999991</Translation>
</Transform>
</Instance>
<Instance name="RC_IIT_010_P_019" uid="40" entityUid="RC_IIT_010_P_019_prt">
<Transform>
<Rotation>-1 0 0 0 1 0 0 0 -1</Rotation>
<Translation>5.5 5.7485024503066925e-016 2.1999999999999997</Translation>
</Transform>
</Instance>
<Instance name="MYONIC_SHIM_PS_3_4-5_THK_0-1" uid="589" entityUid="MYONIC_SHIM_PS_3_4-5_THK_0-1_prt">
<Transform>
<Rotation>1 0 0 0 0 1 0 -1 0</Rotation>
<Translation>0 -6.9261733117549139e-016 -4.6999999999999993</Translation>
</Transform>
</Instance>
<Instance name="V2_5-8--_-_ISO7045_CZ" uid="585" entityUid="V2_5-8--_-_ISO7045_CZ_prt">
<Transform>
<Rotation>1 0 0 0 1 0 0 0 1</Rotation>
<Translation>0 -1.0967374279368753e-015 -6.8999999999999995</Translation>
</Transform>
</Instance>
</Instance>
<Instance name="V2_5-6--_-_ISO7045_CZ" uid="36864" entityUid="V2_5-6--_-_ISO7045_CZ_prt">
<Transform>
<Rotation>0 0 1 1 0 0 0 1 0</Rotation>
<Translation>-37 26.546000000000003 -13.034000000000001</Translation>
</Transform>
</Instance>
<Instance name="RC_IIT_010_G_007" uid="10890" entityUid="RC_IIT_010_G_007_asm" rigid="true">
<Transform>
<Rotation>0 0 -1 -0.72719795249514863 -0.6864278096689147 0 -0.6864278096689147 0.72719795249514863 0</Rotation>
<Translation>35.899999999999991 24.065385667466032 -11.050005332317603</Translation>
</Transform>
<Instance name="RMB_UL_256X" uid="31" entityUid="RMB_UL_256X_prt">
<Transform>
<Rotation>1 0 0 0 1 0 0 0 1</Rotation>
<Translation>0 0 0</Translation>
</Transform>
</Instance>
<Instance name="MYONIC_SHIM_PS_3_4-5_THK_0-1" uid="586" entityUid="MYONIC_SHIM_PS_3_4-5_THK_0-1_prt">
<Transform>
<Rotation>1 0 0 0 0 1 0 -1 0</Rotation>
<Translation>0 0 -0.89999999999999991</Translation>
</Transform>
</Instance>
<Instance name="RMB_UL_256X" uid="32" entityUid="RMB_UL_256X_prt">
<Transform>
<Rotation>-1 0 0 0 1 0 0 0 -1</Rotation>
<Translation>0 0 -1.8999999999999999</Translation>
</Transform>
</Instance>
<Instance name="MYONIC_SHIM_PS_3_4-5_THK_0-1" uid="587" entityUid="MYONIC_SHIM_PS_3_4-5_THK_0-1_prt">
<Transform>
<Rotation>1 0 0 0 0 1 0 -1 0</Rotation>
<Translation>0 0 -2.7999999999999998</Translation>
</Transform>
</Instance>
<Instance name="RMB_UL_256X" uid="33" entityUid="RMB_UL_256X_prt">
<Transform>
<Rotation>-1 0 0 0 1 0 0 0 -1</Rotation>
<Translation>0 -6.9802562167875519e-016 -3.7999999999999998</Translation>
</Transform>
</Instance>
<Instance name="MYONIC_SHIM_PS_3_4-5_THK_0-1" uid="588" entityUid="MYONIC_SHIM_PS_3_4-5_THK_0-1_prt">
<Transform>
<Rotation>-1 0 0 0 0 1 0 1 0</Rotation>
<Translation>0 0 0.89999999999999991</Translation>
</Transform>
</Instance>
<Instance name="RC_IIT_010_P_019" uid="40" entityUid="RC_IIT_010_P_019_prt">
<Transform>
<Rotation>-1 0 0 0 1 0 0 0 -1</Rotation>
<Translation>5.5 5.7485024503066925e-016 2.1999999999999997</Translation>
</Transform>
</Instance>
<Instance name="MYONIC_SHIM_PS_3_4-5_THK_0-1" uid="589" entityUid="MYONIC_SHIM_PS_3_4-5_THK_0-1_prt">
<Transform>
<Rotation>1 0 0 0 0 1 0 -1 0</Rotation>
